#
#Feature symbol names
#
$0 r5.906
$1 r7.874
$2 r11.811
#
#Layer features
#
L 4.960630 -4.370079 6.653543 -4.370079 0 P 13
L 4.960630 -4.370079 4.960630 -3.937008 0 P 13
L 6.653543 -3.937008 6.653543 -4.370079 0 P 13
L 4.960630 -3.937008 6.653543 -3.937008 0 P 13
L 5.717402 -4.271339 5.757402 -4.311339 1 P 15
L 5.757402 -4.271339 5.717402 -4.311339 1 P 15
L 5.817402 -4.271339 5.857402 -4.311339 1 P 15
L 5.857402 -4.271339 5.817402 -4.311339 1 P 15
L 5.064539 -4.556383 5.064539 -4.438273 2 P 16
L 5.064539 -4.438273 5.092660 -4.438273 2 P 16
L 5.092660 -4.438273 5.109533 -4.443898 2 P 16
L 5.109533 -4.443898 5.120782 -4.455146 2 P 16
L 5.120782 -4.455146 5.126406 -4.466395 2 P 16
L 5.126406 -4.466395 5.132030 -4.488892 2 P 16
L 5.132030 -4.488892 5.132030 -4.505765 2 P 16
L 5.132030 -4.505765 5.126406 -4.528262 2 P 16
L 5.126406 -4.528262 5.120782 -4.539511 2 P 16
L 5.120782 -4.539511 5.109533 -4.550759 2 P 16
L 5.109533 -4.550759 5.092660 -4.556383 2 P 16
L 5.092660 -4.556383 5.064539 -4.556383 2 P 16
L 5.182649 -4.556383 5.182649 -4.477643 2 P 16
L 5.182649 -4.500141 5.188273 -4.488892 2 P 16
L 5.188273 -4.488892 5.193898 -4.483268 2 P 16
L 5.193898 -4.483268 5.205146 -4.477643 2 P 16
L 5.205146 -4.477643 5.216395 -4.477643 2 P 16
L 5.255765 -4.556383 5.255765 -4.477643 2 P 16
L 5.255765 -4.438273 5.250141 -4.443898 2 P 16
L 5.250141 -4.443898 5.255765 -4.449522 2 P 16
L 5.255765 -4.449522 5.261389 -4.443898 2 P 16
L 5.261389 -4.443898 5.255765 -4.438273 2 P 16
L 5.255765 -4.438273 5.255765 -4.449522 2 P 16
L 5.328881 -4.556383 5.317632 -4.550759 2 P 16
L 5.317632 -4.550759 5.312008 -4.539511 2 P 16
L 5.312008 -4.539511 5.312008 -4.438273 2 P 16
L 5.390748 -4.556383 5.379499 -4.550759 2 P 16
L 5.379499 -4.550759 5.373875 -4.539511 2 P 16
L 5.373875 -4.539511 5.373875 -4.438273 2 P 16
L 5.525731 -4.556383 5.525731 -4.438273 2 P 16
L 5.525731 -4.438273 5.565101 -4.522638 2 P 16
L 5.565101 -4.522638 5.604471 -4.438273 2 P 16
L 5.604471 -4.438273 5.604471 -4.556383 2 P 16
L 5.711333 -4.556383 5.711333 -4.494516 2 P 16
L 5.711333 -4.494516 5.705709 -4.483268 2 P 16
L 5.705709 -4.483268 5.694460 -4.477643 2 P 16
L 5.694460 -4.477643 5.671963 -4.477643 2 P 16
L 5.671963 -4.477643 5.660714 -4.483268 2 P 16
L 5.711333 -4.550759 5.700084 -4.556383 2 P 16
L 5.700084 -4.556383 5.671963 -4.556383 2 P 16
L 5.671963 -4.556383 5.660714 -4.550759 2 P 16
L 5.660714 -4.550759 5.655090 -4.539511 2 P 16
L 5.655090 -4.539511 5.655090 -4.528262 2 P 16
L 5.655090 -4.528262 5.660714 -4.517013 2 P 16
L 5.660714 -4.517013 5.671963 -4.511389 2 P 16
L 5.671963 -4.511389 5.700084 -4.511389 2 P 16
L 5.700084 -4.511389 5.711333 -4.505765 2 P 16
L 5.767576 -4.477643 5.767576 -4.595754 2 P 16
L 5.767576 -4.483268 5.778824 -4.477643 2 P 16
L 5.778824 -4.477643 5.801322 -4.477643 2 P 16
L 5.801322 -4.477643 5.812570 -4.483268 2 P 16
L 5.812570 -4.483268 5.818194 -4.488892 2 P 16
L 5.818194 -4.488892 5.823819 -4.500141 2 P 16
L 5.823819 -4.500141 5.823819 -4.533886 2 P 16
L 5.823819 -4.533886 5.818194 -4.545135 2 P 16
L 5.818194 -4.545135 5.812570 -4.550759 2 P 16
L 5.812570 -4.550759 5.801322 -4.556383 2 P 16
L 5.801322 -4.556383 5.778824 -4.556383 2 P 16
L 5.778824 -4.556383 5.767576 -4.550759 2 P 16
L 5.874437 -4.545135 5.880062 -4.550759 2 P 16
L 5.880062 -4.550759 5.874437 -4.556383 2 P 16
L 5.874437 -4.556383 5.868813 -4.550759 2 P 16
L 5.868813 -4.550759 5.874437 -4.545135 2 P 16
L 5.874437 -4.545135 5.874437 -4.556383 2 P 16
L 5.874437 -4.483268 5.880062 -4.488892 2 P 16
L 5.880062 -4.488892 5.874437 -4.494516 2 P 16
L 5.874437 -4.494516 5.868813 -4.488892 2 P 16
L 5.868813 -4.488892 5.874437 -4.483268 2 P 16
L 5.874437 -4.483268 5.874437 -4.494516 2 P 16
L 4.917677 -4.730984 4.957677 -4.770984 2 P 16
L 4.957677 -4.730984 4.917677 -4.770984 2 P 16
L 5.126406 -4.804415 5.058915 -4.804415 2 P 16
L 5.092660 -4.804415 5.092660 -4.686305 2 P 16
L 5.092660 -4.686305 5.081412 -4.703178 2 P 16
L 5.081412 -4.703178 5.070163 -4.714426 2 P 16
L 5.070163 -4.714426 5.058915 -4.720051 2 P 16
L 5.177025 -4.793167 5.182649 -4.798791 2 P 16
L 5.182649 -4.798791 5.177025 -4.804415 2 P 16
L 5.177025 -4.804415 5.171400 -4.798791 2 P 16
L 5.171400 -4.798791 5.177025 -4.793167 2 P 16
L 5.177025 -4.793167 5.177025 -4.804415 2 P 16
L 5.255765 -4.686305 5.267013 -4.686305 2 P 16
L 5.267013 -4.686305 5.278262 -4.691929 2 P 16
L 5.278262 -4.691929 5.283886 -4.697554 2 P 16
L 5.283886 -4.697554 5.289511 -4.708802 2 P 16
L 5.289511 -4.708802 5.295135 -4.731299 2 P 16
L 5.295135 -4.731299 5.295135 -4.759421 2 P 16
L 5.295135 -4.759421 5.289511 -4.781918 2 P 16
L 5.289511 -4.781918 5.283886 -4.793167 2 P 16
L 5.283886 -4.793167 5.278262 -4.798791 2 P 16
L 5.278262 -4.798791 5.267013 -4.804415 2 P 16
L 5.267013 -4.804415 5.255765 -4.804415 2 P 16
L 5.255765 -4.804415 5.244516 -4.798791 2 P 16
L 5.244516 -4.798791 5.238892 -4.793167 2 P 16
L 5.238892 -4.793167 5.233268 -4.781918 2 P 16
L 5.233268 -4.781918 5.227643 -4.759421 2 P 16
L 5.227643 -4.759421 5.227643 -4.731299 2 P 16
L 5.227643 -4.731299 5.233268 -4.708802 2 P 16
L 5.233268 -4.708802 5.238892 -4.697554 2 P 16
L 5.238892 -4.697554 5.244516 -4.691929 2 P 16
L 5.244516 -4.691929 5.255765 -4.686305 2 P 16
L 5.340129 -4.697554 5.345754 -4.691929 2 P 16
L 5.345754 -4.691929 5.357002 -4.686305 2 P 16
L 5.357002 -4.686305 5.385124 -4.686305 2 P 16
L 5.385124 -4.686305 5.396372 -4.691929 2 P 16
L 5.396372 -4.691929 5.401996 -4.697554 2 P 16
L 5.401996 -4.697554 5.407621 -4.708802 2 P 16
L 5.407621 -4.708802 5.407621 -4.720051 2 P 16
L 5.407621 -4.720051 5.401996 -4.736924 2 P 16
L 5.401996 -4.736924 5.334505 -4.804415 2 P 16
L 5.334505 -4.804415 5.407621 -4.804415 2 P 16
L 5.458239 -4.804415 5.458239 -4.725675 2 P 16
L 5.458239 -4.736924 5.463864 -4.731299 2 P 16
L 5.463864 -4.731299 5.475113 -4.725675 2 P 16
L 5.475113 -4.725675 5.491985 -4.725675 2 P 16
L 5.491985 -4.725675 5.503234 -4.731299 2 P 16
L 5.503234 -4.731299 5.508858 -4.742548 2 P 16
L 5.508858 -4.742548 5.508858 -4.804415 2 P 16
L 5.508858 -4.742548 5.514483 -4.731299 2 P 16
L 5.514483 -4.731299 5.525731 -4.725675 2 P 16
L 5.525731 -4.725675 5.542604 -4.725675 2 P 16
L 5.542604 -4.725675 5.553853 -4.731299 2 P 16
L 5.553853 -4.731299 5.559477 -4.742548 2 P 16
L 5.559477 -4.742548 5.559477 -4.804415 2 P 16
L 5.615720 -4.804415 5.615720 -4.725675 2 P 16
L 5.615720 -4.736924 5.621344 -4.731299 2 P 16
L 5.621344 -4.731299 5.632593 -4.725675 2 P 16
L 5.632593 -4.725675 5.649466 -4.725675 2 P 16
L 5.649466 -4.725675 5.660714 -4.731299 2 P 16
L 5.660714 -4.731299 5.666339 -4.742548 2 P 16
L 5.666339 -4.742548 5.666339 -4.804415 2 P 16
L 5.666339 -4.742548 5.671963 -4.731299 2 P 16
L 5.671963 -4.731299 5.683211 -4.725675 2 P 16
L 5.683211 -4.725675 5.700084 -4.725675 2 P 16
L 5.700084 -4.725675 5.711333 -4.731299 2 P 16
L 5.711333 -4.731299 5.716957 -4.742548 2 P 16
L 5.716957 -4.742548 5.716957 -4.804415 2 P 16
L 5.947554 -4.680681 5.846316 -4.832537 2 P 16
L 6.099409 -4.686305 6.110658 -4.686305 2 P 16
L 6.110658 -4.686305 6.121907 -4.691929 2 P 16
L 6.121907 -4.691929 6.127531 -4.697554 2 P 16
L 6.127531 -4.697554 6.133155 -4.708802 2 P 16
L 6.133155 -4.708802 6.138780 -4.731299 2 P 16
L 6.138780 -4.731299 6.138780 -4.759421 2 P 16
L 6.138780 -4.759421 6.133155 -4.781918 2 P 16
L 6.133155 -4.781918 6.127531 -4.793167 2 P 16
L 6.127531 -4.793167 6.121907 -4.798791 2 P 16
L 6.121907 -4.798791 6.110658 -4.804415 2 P 16
L 6.110658 -4.804415 6.099409 -4.804415 2 P 16
L 6.099409 -4.804415 6.088161 -4.798791 2 P 16
L 6.088161 -4.798791 6.082537 -4.793167 2 P 16
L 6.082537 -4.793167 6.076912 -4.781918 2 P 16
L 6.076912 -4.781918 6.071288 -4.759421 2 P 16
L 6.071288 -4.759421 6.071288 -4.731299 2 P 16
L 6.071288 -4.731299 6.076912 -4.708802 2 P 16
L 6.076912 -4.708802 6.082537 -4.697554 2 P 16
L 6.082537 -4.697554 6.088161 -4.691929 2 P 16
L 6.088161 -4.691929 6.099409 -4.686305 2 P 16
L 6.189398 -4.793167 6.195022 -4.798791 2 P 16
L 6.195022 -4.798791 6.189398 -4.804415 2 P 16
L 6.189398 -4.804415 6.183774 -4.798791 2 P 16
L 6.183774 -4.798791 6.189398 -4.793167 2 P 16
L 6.189398 -4.793167 6.189398 -4.804415 2 P 16
L 6.268138 -4.686305 6.279387 -4.686305 2 P 16
L 6.279387 -4.686305 6.290635 -4.691929 2 P 16
L 6.290635 -4.691929 6.296260 -4.697554 2 P 16
L 6.296260 -4.697554 6.301884 -4.708802 2 P 16
L 6.301884 -4.708802 6.307508 -4.731299 2 P 16
L 6.307508 -4.731299 6.307508 -4.759421 2 P 16
L 6.307508 -4.759421 6.301884 -4.781918 2 P 16
L 6.301884 -4.781918 6.296260 -4.793167 2 P 16
L 6.296260 -4.793167 6.290635 -4.798791 2 P 16
L 6.290635 -4.798791 6.279387 -4.804415 2 P 16
L 6.279387 -4.804415 6.268138 -4.804415 2 P 16
L 6.268138 -4.804415 6.256890 -4.798791 2 P 16
L 6.256890 -4.798791 6.251265 -4.793167 2 P 16
L 6.251265 -4.793167 6.245641 -4.781918 2 P 16
L 6.245641 -4.781918 6.240017 -4.759421 2 P 16
L 6.240017 -4.759421 6.240017 -4.731299 2 P 16
L 6.240017 -4.731299 6.245641 -4.708802 2 P 16
L 6.245641 -4.708802 6.251265 -4.697554 2 P 16
L 6.251265 -4.697554 6.256890 -4.691929 2 P 16
L 6.256890 -4.691929 6.268138 -4.686305 2 P 16
L 6.408746 -4.725675 6.408746 -4.804415 2 P 16
L 6.380624 -4.680681 6.352503 -4.765045 2 P 16
L 6.352503 -4.765045 6.425619 -4.765045 2 P 16
L 6.493110 -4.686305 6.504359 -4.686305 2 P 16
L 6.504359 -4.686305 6.515607 -4.691929 2 P 16
L 6.515607 -4.691929 6.521231 -4.697554 2 P 16
L 6.521231 -4.697554 6.526856 -4.708802 2 P 16
L 6.526856 -4.708802 6.532480 -4.731299 2 P 16
L 6.532480 -4.731299 6.532480 -4.759421 2 P 16
L 6.532480 -4.759421 6.526856 -4.781918 2 P 16
L 6.526856 -4.781918 6.521231 -4.793167 2 P 16
L 6.521231 -4.793167 6.515607 -4.798791 2 P 16
L 6.515607 -4.798791 6.504359 -4.804415 2 P 16
L 6.504359 -4.804415 6.493110 -4.804415 2 P 16
L 6.493110 -4.804415 6.481861 -4.798791 2 P 16
L 6.481861 -4.798791 6.476237 -4.793167 2 P 16
L 6.476237 -4.793167 6.470613 -4.781918 2 P 16
L 6.470613 -4.781918 6.464989 -4.759421 2 P 16
L 6.464989 -4.759421 6.464989 -4.731299 2 P 16
L 6.464989 -4.731299 6.470613 -4.708802 2 P 16
L 6.470613 -4.708802 6.476237 -4.697554 2 P 16
L 6.476237 -4.697554 6.481861 -4.691929 2 P 16
L 6.481861 -4.691929 6.493110 -4.686305 2 P 16
L 6.577475 -4.686305 6.577475 -4.708802 2 P 16
L 6.622469 -4.686305 6.622469 -4.708802 2 P 16
L 6.796822 -4.849409 6.791198 -4.843785 2 P 16
L 6.791198 -4.843785 6.779949 -4.826912 2 P 16
L 6.779949 -4.826912 6.774325 -4.815664 2 P 16
L 6.774325 -4.815664 6.768701 -4.798791 2 P 16
L 6.768701 -4.798791 6.763076 -4.770669 2 P 16
L 6.763076 -4.770669 6.763076 -4.748172 2 P 16
L 6.763076 -4.748172 6.768701 -4.720051 2 P 16
L 6.768701 -4.720051 6.774325 -4.703178 2 P 16
L 6.774325 -4.703178 6.779949 -4.691929 2 P 16
L 6.779949 -4.691929 6.791198 -4.675056 2 P 16
L 6.791198 -4.675056 6.796822 -4.669432 2 P 16
L 6.836192 -4.697554 6.841817 -4.691929 2 P 16
L 6.841817 -4.691929 6.853065 -4.686305 2 P 16
L 6.853065 -4.686305 6.881187 -4.686305 2 P 16
L 6.881187 -4.686305 6.892435 -4.691929 2 P 16
L 6.892435 -4.691929 6.898059 -4.697554 2 P 16
L 6.898059 -4.697554 6.903684 -4.708802 2 P 16
L 6.903684 -4.708802 6.903684 -4.720051 2 P 16
L 6.903684 -4.720051 6.898059 -4.736924 2 P 16
L 6.898059 -4.736924 6.830568 -4.804415 2 P 16
L 6.830568 -4.804415 6.903684 -4.804415 2 P 16
L 7.044291 -4.804415 7.044291 -4.686305 2 P 16
L 7.094910 -4.804415 7.094910 -4.742548 2 P 16
L 7.094910 -4.742548 7.089286 -4.731299 2 P 16
L 7.089286 -4.731299 7.078037 -4.725675 2 P 16
L 7.078037 -4.725675 7.061164 -4.725675 2 P 16
L 7.061164 -4.725675 7.049916 -4.731299 2 P 16
L 7.049916 -4.731299 7.044291 -4.736924 2 P 16
L 7.168026 -4.804415 7.156777 -4.798791 2 P 16
L 7.156777 -4.798791 7.151153 -4.793167 2 P 16
L 7.151153 -4.793167 7.145529 -4.781918 2 P 16
L 7.145529 -4.781918 7.145529 -4.748172 2 P 16
L 7.145529 -4.748172 7.151153 -4.736924 2 P 16
L 7.151153 -4.736924 7.156777 -4.731299 2 P 16
L 7.156777 -4.731299 7.168026 -4.725675 2 P 16
L 7.168026 -4.725675 7.184899 -4.725675 2 P 16
L 7.184899 -4.725675 7.196147 -4.731299 2 P 16
L 7.196147 -4.731299 7.201772 -4.736924 2 P 16
L 7.201772 -4.736924 7.207396 -4.748172 2 P 16
L 7.207396 -4.748172 7.207396 -4.781918 2 P 16
L 7.207396 -4.781918 7.201772 -4.793167 2 P 16
L 7.201772 -4.793167 7.196147 -4.798791 2 P 16
L 7.196147 -4.798791 7.184899 -4.804415 2 P 16
L 7.184899 -4.804415 7.168026 -4.804415 2 P 16
L 7.274887 -4.804415 7.263639 -4.798791 2 P 16
L 7.263639 -4.798791 7.258015 -4.787542 2 P 16
L 7.258015 -4.787542 7.258015 -4.686305 2 P 16
L 7.364876 -4.798791 7.353628 -4.804415 2 P 16
L 7.353628 -4.804415 7.331130 -4.804415 2 P 16
L 7.331130 -4.804415 7.319882 -4.798791 2 P 16
L 7.319882 -4.798791 7.314257 -4.787542 2 P 16
L 7.314257 -4.787542 7.314257 -4.742548 2 P 16
L 7.314257 -4.742548 7.319882 -4.731299 2 P 16
L 7.319882 -4.731299 7.331130 -4.725675 2 P 16
L 7.331130 -4.725675 7.353628 -4.725675 2 P 16
L 7.353628 -4.725675 7.364876 -4.731299 2 P 16
L 7.364876 -4.731299 7.370500 -4.742548 2 P 16
L 7.370500 -4.742548 7.370500 -4.753796 2 P 16
L 7.370500 -4.753796 7.314257 -4.765045 2 P 16
L 7.415495 -4.798791 7.426744 -4.804415 2 P 16
L 7.426744 -4.804415 7.449241 -4.804415 2 P 16
L 7.449241 -4.804415 7.460489 -4.798791 2 P 16
L 7.460489 -4.798791 7.466114 -4.787542 2 P 16
L 7.466114 -4.787542 7.466114 -4.781918 2 P 16
L 7.466114 -4.781918 7.460489 -4.770669 2 P 16
L 7.460489 -4.770669 7.449241 -4.765045 2 P 16
L 7.449241 -4.765045 7.432368 -4.765045 2 P 16
L 7.432368 -4.765045 7.421119 -4.759421 2 P 16
L 7.421119 -4.759421 7.415495 -4.748172 2 P 16
L 7.415495 -4.748172 7.415495 -4.742548 2 P 16
L 7.415495 -4.742548 7.421119 -4.731299 2 P 16
L 7.421119 -4.731299 7.432368 -4.725675 2 P 16
L 7.432368 -4.725675 7.449241 -4.725675 2 P 16
L 7.449241 -4.725675 7.460489 -4.731299 2 P 16
L 7.505483 -4.849409 7.511108 -4.843785 2 P 16
L 7.511108 -4.843785 7.522357 -4.826912 2 P 16
L 7.522357 -4.826912 7.527981 -4.815664 2 P 16
L 7.527981 -4.815664 7.533605 -4.798791 2 P 16
L 7.533605 -4.798791 7.539230 -4.770669 2 P 16
L 7.539230 -4.770669 7.539230 -4.748172 2 P 16
L 7.539230 -4.748172 7.533605 -4.720051 2 P 16
L 7.533605 -4.720051 7.527981 -4.703178 2 P 16
L 7.527981 -4.703178 7.522357 -4.691929 2 P 16
L 7.522357 -4.691929 7.511108 -4.675056 2 P 16
L 7.511108 -4.675056 7.505483 -4.669432 2 P 16
